cuda:1
Model: Alexnet
ColorSpace: -1
J = 4
a = 4
b = 4
QF_Y = 80
QF_C = 80
Beta_S = 0.1
Beta_W = 0.1
Beta_X = 0.1
Lambda = 1.0
--> 99
0.47 = 47 / 100
1.8679456418752671
--> 199
0.495 = 99 / 200
1.7844807413220405
cuda:1
Model: Alexnet
ColorSpace: -1
J = 4
a = 4
b = 4
QF_Y = 80
QF_C = 80
Beta_S = 0.1
Beta_W = 0.1
Beta_X = 0.1
Lambda = 1.0
--> 99
0.47 = 47 / 100
1.7318917042016984
