cuda:1
Model: Alexnet
ColorSpace: -1
J = 4
a = 4
b = 4
QF_Y = 80
QF_C = 80
Beta_S = 1.0
Beta_W = 1.0
Beta_X = 1.0
Lambda = 1.0
--> 99
0.51 = 51 / 100
2.7253121161460876
--> 199
0.54 = 108 / 200
2.6089185190200808
