cuda:1
Model: Alexnet
ColorSpace: -1
J = 4
a = 4
b = 4
QF_Y = 80
QF_C = 80
Beta_S = 0.25
Beta_W = 0.25
Beta_X = 0.25
Lambda = 1.0
--> 99
0.51 = 51 / 100
2.2446621787548064
--> 199
0.53 = 106 / 200
2.1378951036930083
