cuda:1
Model: Alexnet
ColorSpace: -1
J = 4
a = 4
b = 4
QF_Y = 75
QF_C = 75
Beta_S = 0.5
Beta_W = 0.5
Beta_X = 0.5
Lambda = 1.0
--> 99
0.49 = 49 / 100
2.324870460033417
--> 199
0.52 = 104 / 200
2.2211207619309423
