cuda:1
Model: Alexnet
ColorSpace: -1
J = 4
a = 4
b = 4
QF_Y = 85
QF_C = 85
Beta_S = 1.8
Beta_W = 1.8
Beta_X = 1.8
Lambda = 1.0
--> 99
0.51 = 51 / 100
3.1333524167537687
--> 199
0.53 = 106 / 200
3.002705379128456
