cuda:0
Model: VGG11
J = 4
a = 4
b = 4
QF_Y = 10
QF_C = 10
cuda:0
Model: VGG11
J = 4
a = 4
b = 4
QF_Y = 10
QF_C = 10
--> 999
0.2922 = 14610 / 50000
0.3889356644703448
##############################
0.2922 = 14610 / 50000
0.3889356644703448
