cuda:0
Model: VGG11
ColorSpace: 0
J = 4
a = 4
b = 4
QF_Y = 85
QF_C = 85
Beta_S = 100.0
Beta_W = 100.0
Beta_X = 100.0
Lambda = 1.0
--> 499
0.684 = 342 / 500
2.2437528274059297
--> 999
0.682 = 682 / 1000
2.259593687415123
