cuda:0
Model: Alexnet
J = 4
a = 4
b = 4
QF_Y = 100
QF_C = 100
--> 99
0.6502 = 3251 / 5000
8.584169467139244
cuda:0
Model: Alexnet
J = 4
a = 4
b = 4
QF_Y = 100
QF_C = 100
--> 99
0.6496 = 3248 / 5000
10.08166720571518
