cuda:0
Model: Resnet18
ColorSpace: 0
J = 4
a = 4
b = 4
QF_Y = 50
QF_C = 50
Beta_S = 20
Beta_W = 20
Beta_X = 20
Lambda = 1.0
--> 499
0.694 = 347 / 500
4.698248841047287	69.39999999999999	89.4
cuda:0
Model: Resnet18
ColorSpace: 0
J = 4
a = 4
b = 4
QF_Y = 50
QF_C = 50
Beta_S = 10
Beta_W = 10
Beta_X = 10
Lambda = 1.0
--> 499
0.696 = 348 / 500
4.391136636853218	69.6	89.2
