cuda:0
Model: Resnet18
ColorSpace: 0
J = 4
a = 4
b = 4
QF_Y = 50
QF_C = 50
Beta_S = 50.0
Beta_W = 50.0
Beta_X = 50.0
Lambda = 1.0
--> 499
0.688 = 344 / 500
tensor(68.8000, device='cuda:0')	tensor(89.2000, device='cuda:0')6.330161336660385
6.330161336660385
