cuda:0
Model: Resnet18
ColorSpace: 0
J = 4
a = 4
b = 4
QF_Y = 50
QF_C = 50
Beta_S = 40.0
Beta_W = 40.0
Beta_X = 40.0
Lambda = 1.0
--> 499
0.692 = 346 / 500
69.19999999999999	89.600000000000016.196808162212371
6.196808162212371
