cuda:0
Model: NoModel
ColorSpace: 1
J = 4
a = 4
b = 4
QF_Y = 80
QF_C = 80
Beta_S = 1.0
Beta_W = 1.0
Beta_X = 1.0
Lambda = 30.0
--> 999
0.677 = 677 / 1000
1.3093434323966504
--> 1999
0.647 = 1294 / 2000
1.3103380610197783
